152565,SantaMaria-Orcutt,195000.00,3,2,1300,150.00,ShortSale,195000.0
152570,SanLuisObispo,299000.00,2,2,896,333.71,Foreclosure,299002.07999999996
152581,SantaMaria-Orcutt,265000.00,2,3,1700,155.88,ShortSale,264998.0
152586,Nipomo,699000.00,3,2,1700,411.18,Foreclosure,699003.0
152597,GroverBeach,275000.00,2,2,1194,230.32,ShortSale,275001.04000000004
152617,PasoRobles,169990.00,3,2,1465,116.03,Foreclosure,169986.975
152619,SantaMaria-Orcutt,189000.00,3,3,1530,123.53,ShortSale,189000.45
152638,SantaYnez,695000.00,4,2,2032,342.03,Foreclosure,695002.48
152670,SantaMaria-Orcutt,105000.00,2,2,1088,96.51,ShortSale,105001.44
152675,SantaMaria-Orcutt,365000.00,4,4,4000,91.25,ShortSale,365000.0
152677,PasoRobles,335900.00,3,3,1296,259.18,Foreclosure,335898.64
152683,Lompoc,170000.00,3,2,944,180.08,ShortSale,169997.76
152705,SantaMaria-Orcutt,339900.00,4,2,2100,161.86,ShortSale,339903.0
152716,SantaMaria-Orcutt,359900.00,3,3,2340,153.80,ShortSale,359896.0
152718,SantaMaria-Orcutt,143000.00,3,2,1080,132.41,ShortSale,143001.4
152720,SantaMaria-Orcutt,199000.00,3,2,1196,166.39,ShortSale,199001.21999999997
152727,SanLuisObispo,374800.00,3,3,1365,274.58,ShortSale,374800.85
152757,LosOsos,499000.00,3,2,2120,235.38,ShortSale,499002.8
152764,Atascadero,138900.00,2,1,1055,131.66,Foreclosure,138900.65
152768,AvilaBeach,1999000.00,4,5,5307,376.67,ShortSale,1998993.8450000002
152771,PasoRobles,359000.00,3,2,1774,202.37,ShortSale,359002.19
152772,SantaMaria-Orcutt,294900.00,4,2,1856,158.89,ShortSale,294899.92
152773,Atascadero,299500.00,4,2,1836,163.13,Foreclosure,299503.33999999997
152778,SantaMaria-Orcutt,427900.00,4,3,2367,180.78,ShortSale,427903.13
152781,Nipomo,269000.00,3,2,1181,227.77,ShortSale,268998.185
152784,Bradley,449000.00,3,3,2563,175.19,ShortSale,449005.985
152792,SantaMaria-Orcutt,144900.00,2,2,1130,128.23,Foreclosure,144899.95
152794,SantaMaria-Orcutt,345000.00,3,3,2020,170.79,ShortSale,344997.9
152800,PasoRobles,239000.00,4,2,1240,192.74,ShortSale,238998.8
152805,LosOsos,310000.00,2,1,780,397.44,ShortSale,310001.6
152806,SantaMaria-Orcutt,225000.00,3,3,1800,125.00,ShortSale,225000.0
152809,PasoRobles,695000.00,5,6,3750,185.33,ShortSale,694993.75
152820,Nipomo,242500.00,3,3,1650,146.97,ShortSale,242500.25
152844,ArroyoGrande,249250.00,2,1,728,342.38,ShortSale,249251.32
152849,GroverBeach,479000.00,3,2,1462,327.63,ShortSale,478997.53
152854,Lompoc,169900.00,3,2,1150,147.74,Foreclosure,169900.5
152856,SantaMaria-Orcutt,219900.00,3,3,1660,132.47,ShortSale,219900.1
152887,PasoRobles,150000.00,2,2,1440,104.17,ShortSale,150002.4
152888,Nipomo,649000.00,4,2,1814,357.77,Foreclosure,648997.3899999999
152890,SantaMaria-Orcutt,285000.00,4,3,2100,135.71,ShortSale,284995.5
152893,PasoRobles,163999.00,3,2,1488,110.21,ShortSale,163995.74
152897,Nipomo,349000.00,4,2,1718,203.14,ShortSale,348997.26
152900,Buellton,409900.00,3,2,1716,238.87,Foreclosure,409900.45999999996
152906,LosOsos,275000.00,3,2,1320,208.33,ShortSale,274997.80000000005
152912,SantaMaria-Orcutt,179900.00,3,2,1200,149.92,Foreclosure,179902.0
152914,Oceano,789000.00,3,3,2218,355.73,ShortSale,789004.5700000001
152937,SantaMaria-Orcutt,299000.00,4,3,1768,169.12,ShortSale,299002.08
152948,ArroyoGrande,850000.00,5,4,3588,236.90,Foreclosure,849998.6000000001
152964,SantaMaria-Orcutt,295900.00,3,2,1776,166.61,ShortSale,295899.68000000005
152967,SantaMaria-Orcutt,199000.00,4,3,1467,135.65,ShortSale,198999.27500000002
152969,SantaMaria-Orcutt,199900.00,3,3,1950,102.51,ShortSale,199897.25
152978,SantaMaria-Orcutt,179900.00,3,2,1288,139.67,Foreclosure,179897.47999999998
152987,Atascadero,290000.00,3,3,1733,167.34,ShortSale,290000.11
152989,SantaMaria-Orcutt,168000.00,3,2,1128,148.94,ShortSale,168002.16
152998,SantaMaria-Orcutt,270000.00,3,3,1900,142.11,ShortSale,270004.5
152999,LosOsos,1249000.00,6,7,5103,244.76,Foreclosure,1249005.1400000001
153000,SantaMaria-Orcutt,240000.00,3,2,1255,191.24,ShortSale,240003.1
153014,Coalinga,219500.00,5,2,1802,121.81,ShortSale,219500.81
153032,SantaMaria-Orcutt,235000.00,4,3,2336,100.60,ShortSale,235000.8
153036,SanLuisObispo,239800.00,2,2,1190,201.51,Foreclosure,239798.45
153042,SantaMaria-Orcutt,269000.00,3,3,1800,149.44,ShortSale,268996.0
153047,PasoRobles,319200.00,4,3,2006,159.12,Foreclosure,319197.36
153052,PasoRobles,402500.00,3,2,2446,164.55,Foreclosure,402494.65
153068,PasoRobles,425000.00,3,2,2114,201.04,ShortSale,424999.28
153084,Atascadero,669000.00,3,3,2600,257.31,ShortSale,669003.0
153085,Atascadero,369000.00,3,2,1514,243.73,ShortSale,369003.61
153088,PasoRobles,239900.00,3,2,1080,222.13,Foreclosure,239900.2
153095,GroverBeach,249500.00,2,2,1088,229.32,ShortSale,249500.08000000002
153116,Solvang,557000.00,4,2,1809,307.90,ShortSale,556995.55
153119,SantaMaria-Orcutt,339900.00,6,3,2053,165.56,Foreclosure,339897.33999999997
153127,Nipomo,149900.00,2,2,969,154.70,ShortSale,149902.15
153133,ArroyoGrande,849900.00,3,4,3375,251.82,ShortSale,849896.25
153134,Lompoc,307000.00,3,2,1594,192.60,Foreclosure,307002.19999999995
153157,SantaMaria-Orcutt,259000.00,4,3,1900,136.32,ShortSale,259004.0
153160,SantaMaria-Orcutt,165000.00,3,2,1050,157.14,ShortSale,164998.5
153168,SantaMaria-Orcutt,289900.00,3,2,1414,205.02,Foreclosure,289899.14
153175,Nipomo,879000.00,3,4,3698,237.70,ShortSale,879007.3
153179,SantaMaria-Orcutt,220000.00,3,2,1200,183.33,ShortSale,219998.0
153185,Atascadero,309000.00,3,3,1685,183.38,ShortSale,308997.65
153197,PasoRobles,580000.00,3,3,2271,255.39,ShortSale,579995.345
153207,SantaMaria-Orcutt,459900.00,2,2,1150,399.91,ShortSale,459898.25
153214,SantaMaria-Orcutt,299000.00,5,3,2481,120.52,ShortSale,299005.06
153230,SantaMaria-Orcutt,309900.00,4,3,1600,193.69,ShortSale,309902.0
153234,PasoRobles,287000.00,3,2,1269,226.16,ShortSale,286998.52
153259,GroverBeach,310000.00,3,2,1200,258.33,ShortSale,309998.0
153264,Atascadero,229900.00,3,2,1198,191.90,Foreclosure,229898.1
153268,Buellton,377000.00,3,2,1363,276.60,Foreclosure,377002.9
153276,Lompoc,295000.00,4,2,1973,149.52,ShortSale,295001.48
153288,SantaMaria-Orcutt,225000.00,3,2,1516,148.42,ShortSale,225002.36
153294,SantaMaria-Orcutt,130000.00,3,2,1080,120.37,ShortSale,129999.8
153314,SantaMaria-Orcutt,169990.00,2,1,920,184.77,ShortSale,169989.2
153327,SantaMaria-Orcutt,145000.00,3,2,1027,141.19,Foreclosure,145001.065
153343,Greenfield,184800.00,4,2,2018,91.58,Foreclosure,184804.22
153370,SantaMaria-Orcutt,189900.00,3,2,1253,151.56,Foreclosure,189902.34
153371,SantaMaria-Orcutt,249000.00,3,2,1062,234.46,ShortSale,248998.26
153377,SantaMaria-Orcutt,185000.00,4,2,1934,95.66,ShortSale,185003.22
153382,Atascadero,145000.00,2,2,1041,139.29,ShortSale,145000.445
153384,PasoRobles,429000.00,5,3,2700,158.89,Foreclosure,429001.5
153406,ArroyoGrande,419000.00,2,2,1587,264.02,ShortSale,418999.87
153411,SantaMaria-Orcutt,245000.00,3,3,1859,131.79,ShortSale,244998.805
153425,SantaMaria-Orcutt,289900.00,4,3,2400,120.79,ShortSale,289898.0
153428,SantaMaria-Orcutt,175000.00,3,2,1110,157.66,ShortSale,175001.3
153432,SantaMaria-Orcutt,139000.00,3,2,1075,129.30,ShortSale,138998.75
153442,ArroyoGrande,514900.00,4,3,2035,253.02,Foreclosure,514897.85
153447,PismoBeach,549000.00,3,2,1858,295.48,ShortSale,549000.92
153464,Atascadero,235000.00,3,3,1261,186.36,ShortSale,234999.98
153480,Atascadero,399000.00,6,3,2628,151.83,Foreclosure,399004.62
153500,LosOsos,259900.00,3,2,1120,232.05,ShortSale,259898.0
153513,Lompoc,350900.00,3,2,1686,208.13,Foreclosure,350903.58999999997
153516,Nipomo,1399900.00,4,4,5190,269.73,ShortSale,1399899.35
153543,SantaMaria-Orcutt,399000.00,3,2,1840,216.85,ShortSale,399002.0
153547,Solvang,399000.00,3,2,1204,331.40,ShortSale,399002.8
153552,Atascadero,199000.00,2,1,973,204.52,ShortSale,198998.98
153556,SantaMaria-Orcutt,350000.00,3,2,1622,215.78,ShortSale,349997.57999999996
153565,Nipomo,296800.00,4,2,2125,139.67,Foreclosure,296799.375
153570,SantaMaria-Orcutt,165000.00,3,2,1204,137.04,ShortSale,164998.08000000002
153576,SantaMaria-Orcutt,210000.00,3,3,1750,120.00,ShortSale,210000.0
153606,SanMiguel,229000.00,3,2,1458,157.06,ShortSale,228996.74
153633,SanMiguel,199500.00,3,2,1184,168.50,ShortSale,199502.0
153639,SantaMaria-Orcutt,110000.00,3,2,1000,110.00,ShortSale,110000.0
153647,PasoRobles,264900.00,3,3,1197,221.30,Foreclosure,264898.05000000005
153656,Atascadero,449900.00,3,3,2135,210.73,Foreclosure,449904.275
153668,SantaMaria-Orcutt,159900.00,3,2,1114,143.54,ShortSale,159901.78
153692,PasoRobles,429000.00,4,2,1870,229.41,ShortSale,428998.35
153693,GroverBeach,265000.00,1,1,566,468.20,ShortSale,265000.6
153697,Nipomo,279900.00,2,2,1134,246.83,ShortSale,279902.61
153710,SantaMaria-Orcutt,174900.00,3,2,1100,159.00,Foreclosure,174900.0
153719,Lompoc,158900.00,4,2,1144,138.90,Foreclosure,158900.8
153734,SantaMaria-Orcutt,150000.00,3,2,1349,111.19,ShortSale,149997.655
153738,Buellton,269000.00,3,3,1281,209.99,ShortSale,268998.595
153746,Atascadero,489900.00,3,3,1957,250.33,Foreclosure,489897.905
153757,SantaMaria-Orcutt,256000.00,4,2,1174,218.06,ShortSale,256001.22
153768,Atascadero,335000.00,4,3,2400,139.58,ShortSale,334996.0
153769,MorroBay,435000.00,3,2,1236,351.94,ShortSale,434998.92000000004
153774,SantaMaria-Orcutt,280000.00,3,3,1910,146.60,ShortSale,280003.0
153779,PasoRobles,409000.00,4,2,2064,198.16,Foreclosure,409001.12
153780,PasoRobles,409000.00,4,2,2064,198.16,Foreclosure,409001.12
153781,PasoRobles,399000.00,4,3,1888,211.33,Foreclosure,398995.52
153783,PasoRobles,389000.00,4,2,1862,208.92,Foreclosure,389004.52
153785,Nipomo,222600.00,3,2,1106,201.27,Foreclosure,222602.31
153791,SantaMaria-Orcutt,140000.00,3,2,1200,116.67,ShortSale,140002.0
153799,Soledad,220000.00,5,3,2408,91.36,Foreclosure,219997.44
153800,Nipomo,650000.00,3,3,2703,240.47,ShortSale,649995.2050000001
153802,Lompoc,405000.00,3,2,1728,234.38,ShortSale,405004.32
153807,PasoRobles,409000.00,3,2,1960,208.67,Foreclosure,408996.6
153828,SantaMaria-Orcutt,164900.00,3,2,1092,151.01,Foreclosure,164901.46
153839,SantaMargarita,59900.00,1,1,628,95.38,Foreclosure,59899.32
153850,SantaMaria-Orcutt,199900.00,3,2,1275,156.78,ShortSale,199897.25
153864,Atascadero,95000.00,2,1,756,125.66,Foreclosure,94999.48
153865,Oceano,170000.00,2,2,885,192.09,ShortSale,169999.825
153866,SanMiguel,720000.00,4,4,3531,203.91,Foreclosure,720003.105
153872,SantaMaria-Orcutt,204000.00,3,2,1712,119.16,ShortSale,204000.96
153876,SantaMaria-Orcutt,220000.00,3,2,1100,200.00,ShortSale,220000.0
153881,Buellton,498900.00,4,3,1500,332.60,Foreclosure,498900.0
153900,SantaMaria-Orcutt,229900.00,3,2,1671,137.58,ShortSale,229898.09000000003
153915,SanLuisObispo,531905.00,3,2,1668,318.89,Foreclosure,531906.76
153923,SantaMaria-Orcutt,114900.00,2,1,775,148.26,Foreclosure,114900.75
153927,Guadalupe,145000.00,3,2,1200,120.83,ShortSale,144998.0
153939,Lompoc,191330.00,4,2,1237,154.67,Foreclosure,191328.395
153944,Lompoc,199900.00,4,2,1338,149.40,ShortSale,199898.6
153949,SantaMaria-Orcutt,266800.00,4,3,2100,127.05,ShortSale,266802.5
153953,SanMiguel,84900.00,2,2,1222,69.48,Foreclosure,84902.28
153955,SantaMaria-Orcutt,250000.00,3,2,1807,138.35,ShortSale,249999.22499999998
153960,SantaMaria-Orcutt,220000.00,4,2,1352,162.72,ShortSale,219998.72
153971,Lompoc,227900.00,3,2,1503,151.63,Foreclosure,227899.945
153997,Buellton,384900.00,4,2,1571,245.00,Foreclosure,384897.5
154005,PasoRobles,529000.00,4,3,2502,211.43,ShortSale,528998.9299999999
154006,SantaMaria-Orcutt,159900.00,3,2,1526,104.78,Foreclosure,159897.14
154010,Atascadero,199000.00,3,2,1007,197.62,ShortSale,199001.66999999998
154015,Lompoc,125000.00,3,3,1306,95.71,Foreclosure,124998.63
154028,Bakersfield,91500.00,3,2,1313,69.69,ShortSale,91501.485
154034,SantaMaria-Orcutt,155000.00,3,2,1593,97.30,ShortSale,154999.45
154038,PasoRobles,409000.00,3,3,2203,185.66,ShortSale,409004.49
154044,Atascadero,949000.00,5,4,5200,182.50,ShortSale,949000.0
154048,Atascadero,90000.00,2,1,756,119.05,ShortSale,90000.9
154058,SantaMaria-Orcutt,300000.00,3,3,2328,128.87,Foreclosure,300004.68
154060,SantaMaria-Orcutt,179900.00,3,2,1008,178.47,ShortSale,179898.88
154066,GroverBeach,349000.00,3,2,1346,259.29,ShortSale,349002.17000000004
154071,Nipomo,220000.00,3,2,1112,197.84,Foreclosure,219999.04
154074,SantaMaria-Orcutt,155000.00,3,2,1340,115.67,ShortSale,154998.9
154075,PasoRobles,390000.00,4,2,2236,174.42,ShortSale,390001.56
154090,SantaMaria-Orcutt,425000.00,5,4,3039,139.85,ShortSale,425002.07499999995
154091,SantaMaria-Orcutt,249900.00,3,2,1733,144.20,ShortSale,249899.3
154092,SantaMaria-Orcutt,239000.00,4,3,1947,122.75,ShortSale,238997.125
154111,Buellton,395000.00,4,3,1868,211.46,ShortSale,395003.64
154113,Buellton,375000.00,3,3,1475,254.24,ShortSale,375002.0
154115,Buellton,395000.00,4,3,1868,211.46,ShortSale,395003.64
154116,Buellton,395000.00,4,3,1868,211.46,ShortSale,395003.64
154119,SantaMaria-Orcutt,230000.00,4,3,1927,119.36,ShortSale,230003.36
154131,SantaMaria-Orcutt,189000.00,3,2,1292,146.28,Foreclosure,188996.88
154136,PasoRobles,304900.00,3,2,1657,184.01,Foreclosure,304902.28500000003
154145,SantaMaria-Orcutt,169900.00,3,2,1300,130.69,Foreclosure,169898.5
154147,SantaMaria-Orcutt,286500.00,3,2,1700,168.53,ShortSale,286500.5
154153,SanMiguel,325000.00,4,2,2400,135.42,ShortSale,325004.0
154154,GroverBeach,375000.00,3,2,1278,293.43,ShortSale,375001.77
154159,PasoRobles,278000.00,3,2,1396,199.14,Foreclosure,277999.72
154161,PasoRobles,149000.00,3,2,1368,108.92,ShortSale,149001.28
154167,SantaMaria-Orcutt,209000.00,3,2,1520,137.50,ShortSale,209000.0
154169,SantaMaria-Orcutt,95000.00,2,2,900,105.56,ShortSale,95002.0
154171,SantaMaria-Orcutt,199900.00,3,2,1407,142.08,ShortSale,199903.28000000003
154175,SantaMaria-Orcutt,185000.00,3,2,1170,158.12,ShortSale,185000.2
154182,Lompoc,449900.00,4,3,3035,148.24,Foreclosure,449904.2
154197,SantaMaria-Orcutt,310000.00,5,4,2900,106.90,ShortSale,310005.0
154199,SantaMaria-Orcutt,239900.00,4,2,1656,144.87,ShortSale,239902.36
154200,SantaMaria-Orcutt,187900.00,2,2,980,191.73,Foreclosure,187897.7
154201,ArroyoGrande,450000.00,3,2,1916,234.86,ShortSale,449995.88
154205,SanLuisObispo,440000.00,3,3,1756,250.57,ShortSale,440000.45999999996
154223,SantaMaria-Orcutt,260000.00,3,2,1278,203.44,ShortSale,259998.16
154233,NewCuyama,40900.00,3,1,1201,34.05,ShortSale,40897.024999999994
154241,PasoRobles,249000.00,3,2,1275,195.29,ShortSale,248997.375
154242,Atascadero,349000.00,3,3,2000,174.50,ShortSale,349000.0
154244,SantaMaria-Orcutt,175000.00,3,2,1200,145.83,ShortSale,174998.0
154246,Atascadero,449970.00,3,2,2000,224.99,Foreclosure,449975.0
154254,GroverBeach,419000.00,3,2,1902,220.29,ShortSale,418995.79
154257,ArroyoGrande,400000.00,3,3,1568,255.10,ShortSale,399998.4
154259,SantaMaria-Orcutt,185000.00,3,2,1257,147.18,ShortSale,185002.63
154276,SantaMaria-Orcutt,139900.00,2,2,1100,127.18,ShortSale,139899.0
154279,SantaMaria-Orcutt,174900.00,3,2,1461,119.71,Foreclosure,174898.155
154283,Soledad,165360.00,4,2,1353,122.22,Foreclosure,165361.83000000002
154284,SantaMaria-Orcutt,169000.00,3,2,1200,140.83,ShortSale,168998.0
154298,SantaMaria-Orcutt,240000.00,3,3,2039,117.70,ShortSale,239995.15000000002
154304,SantaMaria-Orcutt,364000.00,4,3,2150,169.30,ShortSale,363997.5
154308,ArroyoGrande,250000.00,1,1,748,334.22,ShortSale,249998.28000000003
154309,SantaMaria-Orcutt,299900.00,4,3,1969,152.31,Foreclosure,299899.195
154311,SantaMaria-Orcutt,281900.00,4,3,2357,119.60,Foreclosure,281898.6
154312,GroverBeach,349900.00,3,1,1522,229.89,ShortSale,349896.29
154317,SantaMaria-Orcutt,220000.00,3,2,1850,118.92,ShortSale,220001.0
154320,Templeton,774800.00,3,4,3123,248.09,Foreclosure,774792.535
154322,SantaMaria-Orcutt,135000.00,3,2,1200,112.50,ShortSale,135000.0
154325,Lompoc,149900.00,3,1,1000,149.90,Regular,149900.0
154327,PasoRobles,599000.00,3,2,2082,287.70,Foreclosure,598995.7
154328,SantaMaria-Orcutt,179000.00,3,2,1200,149.17,Foreclosure,179002.0
154329,SantaMaria-Orcutt,177000.00,3,2,1500,118.00,Foreclosure,177000.0
154329,SantaMaria-Orcutt,177000.00,3,2,1500,118.00,Regular,177000.0
154330,Nipomo,122500.00,4,2,1248,98.16,Regular,122501.84
154332,SantaMaria-Orcutt,239500.00,3,2,1400,171.07,ShortSale,239499.0
154335,PasoRobles,214900.00,3,2,1080,198.98,Foreclosure,214899.2
154338,SantaMaria-Orcutt,275000.00,3,2,1460,188.36,ShortSale,275002.80000000005
154343,ArroyoGrande,425000.00,3,2,1437,295.76,Regular,425003.56
154344,SanSimeon,274900.00,2,2,1218,225.70,Foreclosure,274901.3
154345,Nipomo,175000.00,2,2,1152,151.91,Regular,175000.16
154346,MorroBay,535000.00,2,2,1410,379.43,Regular,534998.15
154347,PismoBeach,540000.00,2,1,817,660.95,Regular,539998.075
154348,Cambria,389000.00,2,2,703,553.34,Regular,388999.01
154350,PasoRobles,250000.00,3,2,1425,175.44,ShortSale,250001.0
154352,PasoRobles,425000.00,3,2,1807,235.20,Regular,425003.19999999995
154353,OutOfArea,1195000.00,5,4,3800,314.47,Regular,1194993.0
154354,LosOsos,1350000.00,3,3,2502,539.57,Regular,1350002.07
154356,SantaMaria-Orcutt,78500.00,1,1,800,98.13,Foreclosure,78502.0
154357,PasoRobles,549000.00,3,2,2237,245.42,Regular,549002.27
154358,SantaMaria-Orcutt,399900.00,4,2,1860,215.00,Regular,399900.0
154359,Atascadero,699000.00,10,11,4905,142.51,ShortSale,699005.7749999999
154360,SantaMaria-Orcutt,129000.00,2,2,1200,107.50,Regular,129000.0
154361,Cambria,480000.00,2,2,1698,282.69,Regular,480003.81
154363,Nipomo,189000.00,3,1,1022,184.93,Foreclosure,188999.23
154365,PismoBeach,639900.00,3,2,2080,307.64,Regular,639895.6
154366,SantaMaria-Orcutt,699900.00,5,4,3000,233.30,Regular,699900.0
154367,GroverBeach,999000.00,3,3,3621,275.89,Regular,998998.845
154370,ArroyoGrande,599000.00,3,2,1570,381.53,Regular,599001.05
154371,SantaMaria-Orcutt,365000.00,4,2,1860,196.24,Regular,365003.2
154372,Cambria,359900.00,3,2,1840,195.60,Foreclosure,359902.0
154373,ArroyoGrande,995000.00,4,4,3740,266.04,Regular,994994.8
154374,Lompoc,193450.00,4,2,1217,158.96,Foreclosure,193452.16
154376,SantaMaria-Orcutt,179900.00,3,3,1520,118.36,ShortSale,179903.6
154378,GroverBeach,329900.00,3,2,1240,266.05,ShortSale,329901.0
154379,Templeton,509000.00,3,2,1936,262.91,Regular,508996.88
154380,Atascadero,995000.00,3,3,2044,486.79,Regular,994999.38
154381,PismoBeach,545000.00,3,2,1946,280.06,Regular,544998.38
154382,PismoBeach,795000.00,3,3,2028,392.01,Regular,794998.14
154383,Atascadero,830000.00,4,3,2700,307.41,Regular,830003.5
154384,ArroyoGrande,54500.00,2,1,624,87.34,Regular,54500.08
154385,ArroyoGrande,149000.00,3,2,1800,82.78,Regular,149002.0
154386,SantaMaria-Orcutt,36000.00,2,2,1056,34.09,Regular,35999.520000000004
154387,PasoRobles,349000.00,3,2,1467,237.90,Regular,348999.65
154389,SantaMaria-Orcutt,299900.00,4,3,2150,139.49,ShortSale,299901.75
154390,MorroBay,469000.00,4,2,2004,234.03,Regular,468998.06
154393,Oceano,1195000.00,2,2,1044,1144.64,Regular,1195002.08
154394,Solvang,419900.00,3,2,1576,266.43,Foreclosure,419896.83999999997
154397,LosOsos,189000.00,2,2,1536,123.05,Regular,189002.4
154398,Lompoc,163900.00,3,2,1082,151.48,Foreclosure,163900.68
154399,Lompoc,163900.00,3,2,1237,132.50,Foreclosure,163901.25
154400,LosOsos,648000.00,3,3,2193,295.49,Regular,648004.785
154401,SantaMaria-Orcutt,130000.00,3,2,1022,127.20,ShortSale,129999.20000000001
154402,Atascadero,264900.00,3,2,1232,215.02,Foreclosure,264902.32
154407,SantaMaria-Orcutt,189900.00,4,2,1435,132.33,Foreclosure,189896.77500000002
154408,SantaMaria-Orcutt,200000.00,4,2,1430,139.86,ShortSale,199999.90000000002
154410,ArroyoGrande,1249000.00,3,3,2480,503.63,Regular,1249001.2
154412,Cayucos,525000.00,3,3,1832,286.57,Regular,524998.12
154413,Cambria,729000.00,3,3,1953,373.27,Regular,728998.155
154414,SantaMaria-Orcutt,109900.00,3,2,1100,99.91,Foreclosure,109900.5
154415,SantaMaria-Orcutt,850000.00,3,2,2481,342.60,Regular,849995.3
154417,SantaMaria-Orcutt,249500.00,3,2,1704,146.42,ShortSale,249499.84
154418,Oceano,179900.00,3,2,1161,154.95,Foreclosure,179898.47499999998
154419,LosOsos,149000.00,3,2,1440,103.47,Regular,148998.4
154420,Creston,549000.00,3,2,1701,322.75,Regular,548998.875
154421,Atascadero,435000.00,3,2,1536,283.20,Regular,434997.6
154422,Atascadero,299000.00,3,2,1310,228.24,Regular,298997.2
154423,LosOsos,625000.00,3,2,2187,285.78,Regular,625000.4299999999
154425,SantaMaria-Orcutt,399000.00,4,3,2100,190.00,ShortSale,399000.0
154427,OutOfArea,186900.00,4,2,1511,123.69,Regular,186897.79499999998
154428,Cambria,1290000.00,3,3,2130,605.63,Regular,1289995.95
154429,Solvang,264900.00,2,3,1400,189.21,Foreclosure,264897.0
154430,Lompoc,198900.00,3,2,1225,162.37,Foreclosure,198901.625
154432,PasoRobles,318000.00,3,3,1868,170.24,Regular,318004.16000000003
154434,Cambria,2000000.00,4,4,3576,559.28,Regular,1999992.64
154435,Cambria,598000.00,2,3,2219,269.49,Regular,597999.155
154437,PasoRobles,439900.00,3,3,2508,175.40,Foreclosure,439901.6
154441,PismoBeach,920000.00,3,3,2817,326.59,Regular,920002.0149999999
154442,SantaMaria-Orcutt,179900.00,3,2,1972,91.23,ShortSale,179902.78
154443,Templeton,325000.00,2,1,952,341.39,ShortSale,325001.64
154444,GroverBeach,369000.00,3,2,1080,341.67,Regular,369001.80000000005
154455,SantaMaria-Orcutt,312900.00,3,2,1454,215.20,Regular,312900.4
154461,Atascadero,575000.00,3,3,1961,293.22,Regular,575002.21
154462,SantaMaria-Orcutt,26500.00,2,2,1344,19.72,Regular,26501.84
154463,SanLuisObispo,2369000.00,5,6,4174,567.56,Regular,2368997.7199999997
154464,Atascadero,67500.00,2,2,120,562.50,Regular,67500.0
154466,SanLuisObispo,1490000.00,3,3,3201,465.48,Regular,1490000.74
154467,MorroBay,652000.00,3,2,1427,456.90,Regular,651998.1499999999
154468,Atascadero,449000.00,3,3,2100,213.81,Regular,449000.5
154469,MorroBay,982800.00,3,2,2306,426.19,Regular,982797.0700000001
154470,SantaMaria-Orcutt,235000.00,4,3,2100,111.90,ShortSale,234995.0
154472,PasoRobles,579900.00,4,3,3166,183.16,Regular,579892.28
154474,SantaMaria-Orcutt,250000.00,3,2,1280,195.31,ShortSale,249998.4
154475,Coalinga,100000.00,3,1,870,114.94,ShortSale,99998.9
154476,Coalinga,125000.00,2,1,960,130.21,ShortSale,125000.8
154477,Cambria,650000.00,2,2,919,707.29,Regular,649999.755
154478,SantaMaria-Orcutt,119900.00,2,2,1034,115.96,Foreclosure,119901.32
154479,SanMiguel,209900.00,3,2,1356,154.79,Foreclosure,209897.62
154481,PasoRobles,524900.00,3,2,2380,220.55,Regular,524904.5
154482,Atascadero,349000.00,5,3,3000,116.33,ShortSale,348995.0
154482,Atascadero,349000.00,5,3,3000,116.33,Regular,348995.0
154483,Cambria,825000.00,2,3,1840,448.37,Regular,825000.4
154484,GroverBeach,255000.00,3,2,1189,214.47,ShortSale,255002.41499999998
154485,Nipomo,259000.00,4,2,1336,193.86,ShortSale,258998.48
154486,PasoRobles,199000.00,2,1,832,239.18,ShortSale,198998.88
154487,SantaMaria-Orcutt,410000.00,5,3,2100,195.24,Foreclosure,410002.0
154488,PasoRobles,199000.00,3,1,940,211.70,Regular,198999.0
154489,PasoRobles,270000.00,3,2,1344,200.89,Regular,269998.07999999996
154490,Cayucos,695000.00,2,2,1437,483.65,Regular,695002.5249999999
154491,Cambria,2995000.00,5,4,3684,812.98,Regular,2995009.16
154492,PasoRobles,131900.00,1,2,300,439.67,Regular,131900.5
154493,Cambria,995000.00,4,3,2717,366.21,Regular,994996.2849999999
154494,SantaMaria-Orcutt,250000.00,4,3,2097,119.22,Regular,250002.16999999998
154495,ArroyoGrande,239800.00,5,2,1575,152.25,Foreclosure,239796.875
154496,Atascadero,425000.00,6,3,2628,161.72,Regular,425000.07999999996
154497,ArroyoGrande,525000.00,3,2,1750,300.00,Regular,525000.0
154498,PismoBeach,459900.00,3,2,1346,341.68,Regular,459900.64
154501,Atascadero,229900.00,3,2,1041,220.85,Foreclosure,229902.425
154503,OutOfArea,199900.00,3,2,1526,131.00,Regular,199903.0
154504,ArroyoGrande,599000.00,4,2,1728,346.64,Regular,598996.96
154506,SantaMaria-Orcutt,197600.00,4,2,1378,143.40,Foreclosure,197602.6
154508,SantaMaria-Orcutt,355000.00,2,1,1145,310.04,Regular,354997.9
154510,PasoRobles,339900.00,3,2,1325,256.53,Regular,339901.125
154512,SantaMaria-Orcutt,299000.00,3,3,1850,161.62,Regular,298998.5
154513,Soledad,166800.00,4,2,1765,94.50,Foreclosure,166796.25
154515,GroverBeach,379000.00,4,2,1631,232.37,ShortSale,378997.735
154516,SantaYnez,1395000.00,4,4,2693,518.01,ShortSale,1395000.4649999999
154517,SantaMaria-Orcutt,150000.00,3,2,1316,113.98,ShortSale,149998.84
154518,SanLuisObispo,475000.00,3,2,1382,343.70,Regular,474996.69999999995
154519,SantaMaria-Orcutt,265000.00,4,3,2300,115.22,Foreclosure,265003.0
154520,Atascadero,265000.00,3,2,1617,163.88,ShortSale,264996.98
154521,LosOsos,225000.00,2,2,1150,195.65,Regular,224998.75
154522,PasoRobles,249900.00,2,2,1674,149.28,Foreclosure,249897.36
154523,ArroyoGrande,509000.00,3,2,1543,329.88,Regular,509002.42
154525,PasoRobles,214900.00,2,2,1351,159.07,Regular,214901.78499999997
154526,ArroyoGrande,5499000.00,4,5,5060,1086.76,Regular,5499002.8
154528,SantaMaria-Orcutt,349900.00,3,2,2000,174.95,Regular,349900.0
154530,Solvang,125000.00,2,2,1536,81.38,Regular,124999.84
154531,Cambria,549000.00,2,2,924,594.16,ShortSale,549001.9199999999
154532,Cambria,865000.00,3,3,1860,465.05,Regular,864996.5
154533,Bradley,1600000.00,3,3,2640,606.06,Regular,1599999.2
154534,Nipomo,1065000.00,4,4,3395,313.70,Regular,1065005.75
154536,Templeton,625000.00,3,2,1850,337.84,Foreclosure,625002.0
154538,SantaMaria-Orcutt,249999.00,3,2,1000,250.00,Regular,249999.5
154539,ArroyoGrande,975000.00,4,3,2720,358.46,Regular,975005.6
154541,Oceano,204900.00,2,1,992,206.55,ShortSale,204898.8
154546,Atascadero,355000.00,3,2,1737,204.38,Regular,355004.03
154547,OutOfArea,134900.00,3,3,1435,94.01,Regular,134902.175
154548,SantaMaria-Orcutt,199900.00,5,3,1671,119.63,ShortSale,199900.865
154550,SantaMaria-Orcutt,349900.00,4,3,2800,124.96,ShortSale,349894.0
154553,SantaMaria-Orcutt,99000.00,2,2,900,110.00,Foreclosure,99000.0
154554,Coalinga,409000.00,4,3,2507,163.14,ShortSale,408995.99
154556,PismoBeach,339000.00,2,2,1440,235.42,Regular,339002.4
154557,SanMiguel,595000.00,3,3,2238,265.86,Regular,594997.3400000001
154558,PismoBeach,849500.00,3,3,2725,311.74,Regular,849495.75
154559,PasoRobles,399000.00,2,3,1772,225.17,Regular,399000.62
154560,PasoRobles,399000.00,4,2,1947,204.93,Regular,398999.355
154561,Solvang,525000.00,3,2,1720,305.23,Regular,524997.8
154562,PasoRobles,319900.00,3,3,1605,199.31,Regular,319896.275
154565,PasoRobles,495000.00,3,2,1877,263.72,Regular,495001.22000000003
154566,SanLuisObispo,372000.00,3,2,1104,336.96,Foreclosure,372001.92
154575,ArroyoGrande,589000.00,3,2,1975,298.23,Regular,589002.125
154580,Cambria,1100000.00,3,3,2392,459.87,Regular,1100004.52
