132842,ArroyoGrande,795000.00,3,3,2371,335.30,ShortSale,794998.15
134364,PasoRobles,399000.00,4,3,2818,141.59,ShortSale,399000.31
135141,PasoRobles,545000.00,4,3,3032,179.75,ShortSale,545001.0
135712,MorroBay,909000.00,4,4,3540,256.78,ShortSale,909000.6
136282,SantaMaria-Orcutt,109900.00,3,1,1249,87.99,ShortSale,109899.755
136431,Oceano,324900.00,3,3,1800,180.50,ShortSale,324900.0
137036,SantaMaria-Orcutt,192900.00,4,2,1603,120.34,ShortSale,192902.51
137090,SantaMaria-Orcutt,215000.00,3,2,1450,148.28,ShortSale,215003.0
137159,MorroBay,999000.00,4,3,3360,297.32,ShortSale,998997.6
137570,Atascadero,319000.00,3,2,1323,241.12,ShortSale,319000.88
138053,SantaMaria-Orcutt,350000.00,3,2,1750,200.00,ShortSale,350000.0
138730,SantaMaria-Orcutt,249000.00,3,2,1400,177.86,ShortSale,249002.0
139291,ArroyoGrande,299000.00,2,2,1257,237.87,ShortSale,299001.29500000004
139427,SantaMaria-Orcutt,235900.00,3,2,1400,168.50,ShortSale,235900.0
139461,SantaMaria-Orcutt,348000.00,3,2,1600,217.50,ShortSale,348000.0
139661,PasoRobles,314000.00,4,3,1794,175.03,ShortSale,314001.91000000003
139918,LosAlamos,399000.00,4,2,1850,215.68,ShortSale,399004.0
139932,SanMiguel,599000.00,3,3,2950,203.05,ShortSale,598998.75
140044,PasoRobles,299000.00,3,2,1719,173.94,ShortSale,299001.43
140073,SanLuisObispo,425000.00,3,3,1472,288.72,ShortSale,424997.92000000004
140077,MorroBay,1100000.00,4,3,4168,263.92,ShortSale,1100009.28
140080,Cayucos,1500000.00,3,3,3880,386.60,ShortSale,1500004.0
140113,SantaMaria-Orcutt,110000.00,2,1,1000,110.00,ShortSale,110000.0
140395,SantaMaria-Orcutt,200000.00,3,2,1139,175.59,ShortSale,199998.505
140460,SantaMaria-Orcutt,134900.00,3,1,1080,124.91,ShortSale,134901.4
140703,SantaMaria-Orcutt,250000.00,4,3,2000,125.00,ShortSale,250000.0
140720,PismoBeach,950000.00,3,4,1920,494.79,ShortSale,949998.4
140731,SantaMaria-Orcutt,239950.00,4,2,1348,178.00,ShortSale,239947.0
141188,SantaMaria-Orcutt,170000.00,3,2,1280,132.81,ShortSale,169998.4
141212,SantaMaria-Orcutt,285000.00,3,2,2400,118.75,ShortSale,285000.0
141232,SantaMaria-Orcutt,279000.00,3,3,1700,164.12,ShortSale,279002.0
141529,SantaMaria-Orcutt,219000.00,3,2,1600,136.88,ShortSale,219004.0
141541,SantaMaria-Orcutt,155000.00,3,2,1050,147.62,ShortSale,155000.5
141737,Atascadero,389000.00,3,2,1415,274.91,ShortSale,388998.825
141847,Nipomo,340000.00,3,1,1110,306.31,ShortSale,340002.05
141869,Guadalupe,95000.00,2,1,797,119.20,ShortSale,95001.20000000001
142216,SantaMaria-Orcutt,140000.00,2,2,1100,127.27,ShortSale,139998.5
142340,PismoBeach,1100000.00,3,3,2602,422.75,ShortSale,1099997.75
142442,SantaMaria-Orcutt,360000.00,4,3,2351,153.13,ShortSale,360004.315
142528,MorroBay,415000.00,3,3,1350,307.41,ShortSale,415001.75
142539,SantaMaria-Orcutt,250000.00,4,2,1206,207.30,ShortSale,250001.90000000002
142585,SantaMaria-Orcutt,559000.00,3,3,2628,212.71,ShortSale,559000.94
142818,Nipomo,525000.00,3,3,2365,221.99,ShortSale,525003.175
142829,LosOsos,779000.00,3,3,2990,260.54,ShortSale,779007.3
142870,ArroyoGrande,595000.00,3,2,1750,340.00,ShortSale,595000.0
142977,Templeton,1150000.00,4,5,5500,209.09,ShortSale,1149997.5
143037,Templeton,550000.00,3,2,1852,296.98,ShortSale,550003.48
143155,GroverBeach,500000.00,3,2,2100,238.10,ShortSale,500005.0
143170,SantaMaria-Orcutt,279000.00,4,3,2580,108.14,ShortSale,279000.6
143178,SantaMaria-Orcutt,375000.00,4,2,1963,191.03,ShortSale,374995.945
143217,SantaMaria-Orcutt,330000.00,3,3,1900,173.68,ShortSale,329996.0
143252,SantaMaria-Orcutt,199000.00,3,3,1450,137.24,ShortSale,198999.0
143255,SantaMaria-Orcutt,165000.00,2,2,1000,165.00,ShortSale,165000.0
143436,Templeton,1399000.00,4,3,6500,215.23,Foreclosure,1398997.5
143507,SantaMaria-Orcutt,255000.00,3,2,1218,209.36,ShortSale,255000.24
143524,Cambria,325000.00,2,2,893,363.94,ShortSale,324999.20999999996
143534,MorroBay,789000.00,3,3,2100,375.71,Foreclosure,788995.5
143540,Nipomo,498000.00,4,3,2341,212.73,ShortSale,498000.46499999997
143884,Nipomo,430000.00,4,2,2168,198.34,ShortSale,430000.56
143946,PasoRobles,539900.00,4,3,3032,178.07,ShortSale,539904.12
144204,PismoBeach,499000.00,3,2,1293,385.92,ShortSale,498997.28
144238,LosOsos,275000.00,3,2,1200,229.17,ShortSale,275002.0
144312,SantaMaria-Orcutt,499000.00,3,4,2250,221.78,ShortSale,499002.5
144314,MorroBay,899000.00,3,3,2430,369.96,Foreclosure,899001.3999999999
144316,MorroBay,1045000.00,3,3,2100,497.62,Foreclosure,1045001.0
144318,MorroBay,774000.00,2,2,1550,499.35,Foreclosure,773996.25
144370,SantaMaria-Orcutt,239000.00,3,3,1800,132.78,ShortSale,239002.0
144380,SantaMaria-Orcutt,195000.00,3,2,1218,160.10,ShortSale,195000.9
144788,GroverBeach,325000.00,2,1,768,423.18,ShortSale,325001.12
144815,Nipomo,320000.00,4,2,1929,165.89,ShortSale,320000.905
144896,SantaMaria-Orcutt,275000.00,4,3,1877,146.51,ShortSale,274999.635
145087,PasoRobles,329000.00,3,2,1700,193.53,ShortSale,329000.5
145138,SantaMaria-Orcutt,140000.00,3,2,1080,129.63,ShortSale,140000.2
145309,PasoRobles,409000.00,4,3,2192,186.59,ShortSale,409002.64
145448,SantaMaria-Orcutt,167900.00,3,2,1296,129.55,Foreclosure,167898.40000000002
145471,Nipomo,325000.00,7,5,2688,120.91,ShortSale,325003.04000000004
145726,SantaMaria-Orcutt,119000.00,1,1,900,132.22,ShortSale,118999.0
145745,SantaMaria-Orcutt,245000.00,4,2,1482,165.32,ShortSale,245002.12
145789,SantaMaria-Orcutt,259900.00,3,2,1726,150.58,ShortSale,259900.54
145850,ArroyoGrande,495000.00,3,2,1486,333.11,ShortSale,495000.73
145952,SanLuisObispo,399000.00,4,2,1543,258.59,ShortSale,399002.18499999994
146040,SantaMaria-Orcutt,329700.00,4,2,1367,241.19,ShortSale,329703.365
146110,Atascadero,199000.00,1,1,712,279.49,ShortSale,198998.44
146130,SantaMaria-Orcutt,149000.00,3,2,1040,143.27,ShortSale,149000.40000000002
146144,PasoRobles,225000.00,3,2,1456,154.53,ShortSale,224997.84
146149,SantaMaria-Orcutt,195000.00,2,1,811,240.44,ShortSale,194998.41999999998
146212,PasoRobles,359900.00,3,3,1951,184.47,ShortSale,359900.485
146223,Templeton,799000.00,4,4,3100,257.74,ShortSale,798997.0
146282,SanLuisObispo,595000.00,3,2,2117,281.06,ShortSale,595002.01
146302,PasoRobles,89000.00,3,2,1560,57.05,ShortSale,88999.0
146310,SantaMaria-Orcutt,129900.00,3,1,1042,124.66,ShortSale,129897.86
146320,LosOsos,375000.00,3,3,1519,246.87,ShortSale,374997.765
146423,Atascadero,599000.00,3,2,2774,215.93,ShortSale,598994.91
146496,PasoRobles,235000.00,3,2,1340,175.37,ShortSale,234997.90000000002
146537,SantaMaria-Orcutt,255900.00,3,2,1440,177.71,Foreclosure,255901.2
146544,SantaMaria-Orcutt,148900.00,5,2,1064,139.94,ShortSale,148898.08000000002
146581,ArroyoGrande,749000.00,3,2,2145,349.18,ShortSale,748995.55
146597,SantaMaria-Orcutt,189900.00,3,2,1472,129.01,Foreclosure,189901.36
146649,PasoRobles,183000.00,3,1,888,206.08,ShortSale,182999.52000000002
146667,SantaMaria-Orcutt,232600.00,3,3,1582,147.03,ShortSale,232600.72999999998
146773,Cambria,520000.00,3,2,1680,309.52,ShortSale,519996.8
146790,Solvang,355000.00,3,3,1702,208.58,Foreclosure,355001.58
146797,PismoBeach,275000.00,0,1,398,690.95,ShortSale,274999.05000000005
146888,SantaMaria-Orcutt,225000.00,4,3,1940,115.98,ShortSale,225000.6
146986,SantaMaria-Orcutt,161900.00,3,2,1200,134.92,ShortSale,161902.0
147094,SantaMaria-Orcutt,249999.00,3,3,2013,124.19,ShortSale,249996.735
147167,SantaMaria-Orcutt,208000.00,2,1,1267,164.17,ShortSale,208001.695
147214,Guadalupe,135000.00,3,1,1100,122.73,ShortSale,135001.5
147216,SanLuisObispo,385000.00,2,3,1389,277.18,ShortSale,385001.51
147240,Atascadero,750000.00,4,4,3387,221.43,Foreclosure,749991.7050000001
147241,Atascadero,810000.00,4,3,3305,245.08,Foreclosure,809994.7
147249,Atascadero,890000.00,4,5,4229,210.45,Foreclosure,889996.5249999999
147253,Atascadero,895000.00,4,3,3676,243.47,Foreclosure,894997.86
147374,SanMiguel,229900.00,3,2,1458,157.68,ShortSale,229898.72
147440,GroverBeach,240000.00,2,2,1020,235.29,ShortSale,239997.9
147450,Atascadero,429000.00,4,3,2513,170.71,Foreclosure,428997.115
147570,SantaMaria-Orcutt,399000.00,4,3,2800,142.50,ShortSale,399000.0
147586,SantaMaria-Orcutt,385000.00,3,2,2000,192.50,ShortSale,385000.0
147603,PasoRobles,294900.00,3,2,1316,224.09,Foreclosure,294901.22
147611,PasoRobles,399000.00,3,2,1220,327.05,ShortSale,399000.5
147620,SantaMaria-Orcutt,269000.00,3,3,1780,151.12,ShortSale,268996.80000000005
147654,Cambria,449000.00,3,3,2120,211.79,ShortSale,448997.4
147761,ArroyoGrande,555900.00,5,3,2947,188.63,Foreclosure,555896.3049999999
147767,PasoRobles,319900.00,4,2,2135,149.84,Foreclosure,319904.2
147819,Cambria,332000.00,4,4,1872,177.35,Foreclosure,331999.6
147876,Bradley,499000.00,4,5,3400,146.76,ShortSale,498992.0
147948,PasoRobles,432000.00,4,3,3113,138.77,ShortSale,431995.505
148070,ArroyoGrande,199000.00,2,1,827,240.63,ShortSale,199000.505
148168,SantaMaria-Orcutt,29000.00,2,2,1500,19.33,Foreclosure,28997.5
148195,Atascadero,299000.00,3,2,1270,235.43,ShortSale,298998.05000000005
148289,SantaMaria-Orcutt,259000.00,4,3,1857,139.47,ShortSale,258997.89500000002
148318,LosOsos,99000.00,1,1,538,184.01,ShortSale,98998.69
148324,AvilaBeach,779000.00,2,2,1223,636.96,Foreclosure,779001.04
148325,AvilaBeach,839000.00,2,2,1223,686.02,Foreclosure,839001.23
148384,SantaYnez,525000.00,3,2,1746,300.69,ShortSale,525002.37
148399,SantaYnez,795000.00,3,2,2092,380.02,ShortSale,795000.9199999999
148472,SantaMaria-Orcutt,337000.00,4,2,2000,168.50,ShortSale,337000.0
148519,Oceano,164900.00,2,1,750,219.87,Foreclosure,164901.25
148622,SanLuisObispo,449000.00,2,3,1650,272.12,ShortSale,448999.0
148624,Guadalupe,94000.00,2,2,797,117.94,Foreclosure,93999.09
148638,PismoBeach,899000.00,3,3,2266,396.73,ShortSale,898995.0900000001
148736,SantaMaria-Orcutt,180000.00,3,2,1280,140.63,ShortSale,180003.2
148744,Bradley,194900.00,3,2,1092,178.48,Foreclosure,194900.08
148757,LosOsos,350000.00,3,2,1509,231.94,ShortSale,349998.73
148806,KingCity,167770.00,3,3,1793,93.57,Foreclosure,167770.505
148842,Creston,309900.00,3,2,1705,181.76,Foreclosure,309900.4
148881,Templeton,479000.00,2,3,2100,228.10,ShortSale,479005.0
148961,LosAlamos,350000.00,3,2,1582,221.24,ShortSale,350000.83999999997
149001,GroverBeach,350000.00,3,2,1470,238.10,ShortSale,350003.5
149024,SantaMaria-Orcutt,275000.00,3,2,1424,193.12,ShortSale,275001.44
149039,PasoRobles,379000.00,4,3,2277,166.45,ShortSale,379003.32499999995
149069,KingCity,155900.00,4,2,3368,46.29,Foreclosure,155902.36
149105,SanMiguel,229000.00,3,2,1458,157.06,ShortSale,228996.74
149193,PismoBeach,604995.00,2,3,1749,345.91,Foreclosure,604995.795
149207,PismoBeach,599000.00,3,3,1996,300.10,ShortSale,598999.8
149230,MorroBay,359000.00,3,2,1008,356.15,ShortSale,358999.6
149275,Lompoc,199000.00,4,2,1527,130.32,Foreclosure,198999.32
149287,PasoRobles,164900.00,3,2,1440,114.51,ShortSale,164897.2
149307,Coalinga,179000.00,3,2,1815,98.62,ShortSale,178997.65000000002
149317,PasoRobles,370000.00,4,2,2064,179.26,ShortSale,369996.31999999995
149324,SantaYnez,999000.00,5,4,2402,415.90,ShortSale,998995.8999999999
149369,PasoRobles,365000.00,3,3,2136,170.88,ShortSale,364999.83999999997
149401,SanMiguel,345000.00,3,2,1498,230.31,ShortSale,345002.19
149412,PasoRobles,299000.00,2,1,1068,279.96,ShortSale,298998.64
149439,PismoBeach,519500.00,2,1,634,819.40,ShortSale,519499.8
149470,Buellton,645000.00,4,4,3000,215.00,ShortSale,645000.0
149482,SantaMaria-Orcutt,242500.00,3,2,1218,199.10,Foreclosure,242501.9
149514,SantaMaria-Orcutt,259900.00,3,3,1300,199.92,ShortSale,259898.0
149604,SantaMaria-Orcutt,310000.00,4,3,2014,153.92,ShortSale,309997.43999999994
149612,Atascadero,450000.00,2,2,1463,307.59,ShortSale,450002.08499999996
149615,SantaMaria-Orcutt,220000.00,2,2,1541,142.76,ShortSale,219996.58
149616,SanLuisObispo,585000.00,3,2,1268,461.36,ShortSale,585002.24
149633,SantaMaria-Orcutt,324000.00,5,4,2400,135.00,ShortSale,324000.0
149666,Cambria,375000.00,1,1,551,680.58,ShortSale,374999.79000000004
149700,PasoRobles,329000.00,3,2,1420,231.69,ShortSale,328999.9
149752,PasoRobles,599900.00,5,3,2764,217.04,Foreclosure,599899.28
149791,SantaMaria-Orcutt,74900.00,2,2,1014,73.87,ShortSale,74902.09
149797,LosOsos,285000.00,3,2,1120,254.46,ShortSale,284997.6
149813,SantaMaria-Orcutt,751900.00,3,3,3400,221.15,Foreclosure,751905.0
149829,SantaMaria-Orcutt,295000.00,3,2,1386,212.84,ShortSale,294998.12
149839,Coalinga,170000.00,3,2,1320,128.79,ShortSale,170001.4
149841,SantaMaria-Orcutt,197000.00,3,2,1376,143.17,ShortSale,197000.96
149860,Oceano,1250000.00,3,3,2586,483.37,ShortSale,1249997.4100000001
149864,PasoRobles,249000.00,3,2,1662,149.82,ShortSale,249000.41999999998
149869,Nipomo,179000.00,2,2,1033,173.28,ShortSale,178999.12
149877,SantaMaria-Orcutt,132000.00,3,1,1050,125.71,ShortSale,131997.75
149882,Lockwood,425000.00,3,2,1500,283.33,ShortSale,424997.5
149890,SantaMaria-Orcutt,290000.00,5,3,2500,116.00,ShortSale,290000.0
149909,LosOsos,150000.00,2,2,896,167.41,ShortSale,149999.68
149911,LosOsos,150000.00,2,2,896,167.41,ShortSale,149999.68
149914,LosOsos,150000.00,2,2,896,167.41,ShortSale,149999.68
149915,LosOsos,150000.00,2,2,896,167.41,ShortSale,149999.68
149916,LosOsos,150000.00,2,2,896,167.41,ShortSale,149999.68
149917,LosOsos,205000.00,2,2,1388,147.69,ShortSale,204996.86
149919,Atascadero,599000.00,4,3,3120,191.99,ShortSale,599004.4
149922,PasoRobles,269000.00,3,3,1352,198.96,ShortSale,268996.95999999996
149948,SantaMaria-Orcutt,249000.00,4,3,1963,126.85,ShortSale,249003.275
149956,SantaMaria-Orcutt,235000.00,3,3,1541,152.50,ShortSale,235001.25
149961,GroverBeach,469000.00,4,3,2449,191.51,Foreclosure,469003.995
149989,Nipomo,159000.00,4,2,1660,95.78,ShortSale,158997.4
149994,KingCity,69900.00,3,1,936,74.68,Foreclosure,69900.24
150143,ArroyoGrande,1499000.00,5,7,6800,220.44,ShortSale,1498996.0
150194,Atascadero,239000.00,3,2,1022,233.86,ShortSale,239002.46000000002
150199,Atascadero,399500.00,3,2,1665,239.94,ShortSale,399500.05
150240,PasoRobles,299900.00,3,2,1209,248.06,Foreclosure,299902.27
150256,Lompoc,275000.00,3,2,1700,161.76,ShortSale,274996.0
150262,MorroBay,395000.00,4,2,1736,227.53,ShortSale,394996.04000000004
150283,SantaMaria-Orcutt,105000.00,1,1,731,143.64,ShortSale,105000.42
150290,SantaMaria-Orcutt,179999.00,3,2,1086,165.74,ShortSale,179996.32
150294,SantaMaria-Orcutt,219000.00,3,2,1131,193.63,ShortSale,218997.765
150308,Solvang,325000.00,3,3,1500,216.67,ShortSale,325002.5
150317,Atascadero,829900.00,4,3,3827,216.85,ShortSale,829892.475
150335,SantaMaria-Orcutt,165000.00,2,1,1100,150.00,ShortSale,165000.0
150360,SantaMaria-Orcutt,179000.00,3,2,1398,128.04,ShortSale,178999.96
150390,PasoRobles,279000.00,3,2,1381,202.03,ShortSale,279001.71499999997
150392,Atascadero,820000.00,4,4,3387,242.10,Foreclosure,819996.35
150394,PasoRobles,399000.00,2,1,1250,319.20,ShortSale,399000.0
150407,SanMiguel,164900.00,3,1,965,170.88,ShortSale,164899.59999999998
150424,SantaMaria-Orcutt,235000.00,4,2,1860,126.34,ShortSale,234996.2
150439,ArroyoGrande,1900000.00,4,5,5411,351.14,ShortSale,1900009.27
150455,Nipomo,289000.00,3,2,1367,211.41,ShortSale,288998.735
150470,PasoRobles,355000.00,3,2,1640,216.46,ShortSale,354997.2
150477,SantaMaria-Orcutt,199000.00,3,2,1269,156.82,ShortSale,199002.28999999998
150482,SantaMaria-Orcutt,209000.00,3,2,1275,163.92,ShortSale,208999.0
150493,Lompoc,186900.00,3,1,912,204.93,Foreclosure,186898.08000000002
150501,SantaMaria-Orcutt,240000.00,4,2,1460,164.38,ShortSale,239997.4
150513,Nipomo,515000.00,2,2,2000,257.50,ShortSale,515000.0
150543,SantaMaria-Orcutt,215000.00,4,2,1750,122.86,ShortSale,215002.5
150556,SantaMaria-Orcutt,399900.00,4,4,3050,131.11,ShortSale,399892.75
150571,PasoRobles,369000.00,4,3,2371,155.63,ShortSale,368999.365
150572,PasoRobles,250000.00,2,2,1292,193.50,ShortSale,250001.0
150588,PasoRobles,259000.00,3,2,1640,157.93,ShortSale,259002.6
150611,SantaMaria-Orcutt,180000.00,2,2,1082,166.36,ShortSale,180000.76
150636,Solvang,399900.00,3,2,1522,262.75,ShortSale,399902.75
150638,ArroyoGrande,385000.00,3,2,1535,250.81,ShortSale,384996.675
150669,SantaMaria-Orcutt,154000.00,2,2,1100,140.00,ShortSale,154000.0
150732,SanLuisObispo,254900.00,2,2,966,263.87,Foreclosure,254899.21000000002
150744,PasoRobles,315000.00,4,2,1653,190.56,ShortSale,314997.83999999997
150746,SantaMaria-Orcutt,437500.00,3,3,2523,173.40,ShortSale,437494.1
150751,SantaMaria-Orcutt,299900.00,3,3,2511,119.43,ShortSale,299894.365
150773,ArroyoGrande,399000.00,3,3,1772,225.17,ShortSale,399000.62
150823,PasoRobles,330000.00,3,3,1889,174.70,ShortSale,330004.15
150827,ArroyoGrande,279000.00,2,2,880,317.05,ShortSale,279002.0
150844,SantaMaria-Orcutt,248000.00,3,2,1400,177.14,ShortSale,247998.0
150857,SantaMaria-Orcutt,209000.00,3,3,1494,139.89,ShortSale,208997.83
150879,LosOsos,729000.00,3,2,1844,395.34,ShortSale,729003.48
150903,Atascadero,454500.00,4,3,1900,239.21,Foreclosure,454499.5
150929,PasoRobles,249000.00,3,2,1176,211.73,ShortSale,248997.24
150949,Nipomo,1700000.00,3,5,4463,380.91,ShortSale,1700000.665
150966,GroverBeach,349000.00,3,2,1635,213.46,ShortSale,349003.55000000005
150969,GroverBeach,575000.00,3,3,2095,274.46,ShortSale,574996.85
150980,SantaMaria-Orcutt,185000.00,3,2,1300,142.31,ShortSale,185001.5
150981,SantaMaria-Orcutt,165000.00,3,2,1200,137.50,ShortSale,165000.0
150987,MorroBay,311900.00,0,1,910,342.75,Foreclosure,311901.25
151000,SantaMaria-Orcutt,175000.00,3,2,1600,109.38,ShortSale,175004.0
151005,Lompoc,180000.00,4,2,1332,135.14,ShortSale,180003.24
151009,SantaMaria-Orcutt,78000.00,2,2,1680,46.43,ShortSale,78001.2
151021,Oceano,142900.00,2,1,1313,108.83,Foreclosure,142896.89500000002
151071,Atascadero,850000.00,4,4,3744,227.03,Foreclosure,850000.1599999999
151078,PasoRobles,389000.00,3,2,1998,194.69,ShortSale,388995.31
151080,SantaMaria-Orcutt,641900.00,3,3,2714,236.51,Foreclosure,641894.0700000001
151083,Templeton,305000.00,4,2,1797,169.73,ShortSale,305002.405
151084,PasoRobles,260000.00,3,3,1687,154.12,ShortSale,260000.22
151085,PasoRobles,320000.00,3,2,1663,192.42,ShortSale,319997.23
151097,Atascadero,199000.00,2,1,792,251.26,ShortSale,198998.96
151107,SantaMaria-Orcutt,299000.00,2,2,1410,212.06,ShortSale,299002.3
151114,Buellton,289000.00,2,2,1085,266.36,ShortSale,289000.30000000005
151126,SantaMaria-Orcutt,229900.00,3,3,1900,121.00,ShortSale,229900.0
151138,Atascadero,865000.00,4,3,3305,261.72,Foreclosure,864992.3
151186,Atascadero,900000.00,4,4,3962,227.16,ShortSale,900003.96
151187,Atascadero,199000.00,2,3,1260,157.94,ShortSale,199002.2
151213,SantaMaria-Orcutt,160000.00,2,3,1200,133.33,ShortSale,159998.0
151227,SantaMaria-Orcutt,299000.00,3,3,2400,124.58,ShortSale,298996.0
151228,Oceano,300000.00,3,3,1265,237.15,ShortSale,299997.375
151232,SantaMaria-Orcutt,270000.00,4,2,1460,184.93,ShortSale,269998.9
151246,Nipomo,490000.00,3,3,1894,258.71,ShortSale,489998.37
151249,SantaMaria-Orcutt,295000.00,3,3,1800,163.89,ShortSale,295001.0
151257,PasoRobles,225000.00,3,2,1550,145.16,ShortSale,224999.0
151277,Atascadero,324900.00,2,2,1426,227.84,ShortSale,324899.92000000004
151293,SantaMaria-Orcutt,165000.00,3,2,1110,148.65,ShortSale,165000.75
151296,SantaMaria-Orcutt,157900.00,3,2,1075,146.88,ShortSale,157898.0
151304,Nipomo,299000.00,3,2,1756,170.27,ShortSale,298997.06
151308,PasoRobles,369000.00,3,3,2150,171.63,ShortSale,369002.25
151373,SantaMaria-Orcutt,233000.00,4,2,1650,141.21,ShortSale,232998.25
151395,SantaMaria-Orcutt,109900.00,2,2,1200,91.58,Foreclosure,109898.0
151402,PasoRobles,309000.00,3,2,1488,207.66,ShortSale,308999.04000000004
151419,PismoBeach,1799000.00,4,4,3609,498.48,Foreclosure,1799007.1600000001
151441,SantaMaria-Orcutt,209900.00,2,2,1113,188.59,ShortSale,209900.33500000002
151443,Solvang,499000.00,3,2,1600,311.88,ShortSale,499004.0
151451,ArroyoGrande,525000.00,4,2,1961,267.72,ShortSale,524999.46
151454,LosOsos,650000.00,3,3,3249,200.06,ShortSale,649997.47
151470,MorroBay,529000.00,3,3,1510,350.33,ShortSale,528999.1499999999
151498,SantaMaria-Orcutt,179000.00,3,2,1300,137.69,ShortSale,178998.5
151521,Lompoc,282000.00,3,3,1736,162.44,ShortSale,281997.92
151527,Templeton,899000.00,4,3,3008,298.87,ShortSale,899000.48
151534,SantaMaria-Orcutt,130000.00,3,2,1850,70.27,ShortSale,129999.75
151636,SantaMaria-Orcutt,205000.00,3,2,1146,178.88,ShortSale,204998.24
151640,SantaMaria-Orcutt,180900.00,2,2,1100,164.45,ShortSale,180897.5
151647,Atascadero,409900.00,4,4,2135,191.99,ShortSale,409899.325
151648,Atascadero,409900.00,4,4,2135,191.99,ShortSale,409899.325
151678,GroverBeach,469000.00,3,2,1827,256.70,ShortSale,468995.44999999995
151681,ArroyoGrande,289000.00,3,1,1005,287.56,ShortSale,288998.9
151690,SantaMaria-Orcutt,99999.00,2,3,1800,55.56,ShortSale,100003.5
151700,SantaMaria-Orcutt,445000.00,5,3,3307,134.56,Foreclosure,444994.95999999996
151711,Atascadero,640000.00,3,3,2160,296.30,ShortSale,640004.0
151724,SanMiguel,185000.00,3,2,1062,174.20,ShortSale,185000.2
151732,SantaMaria-Orcutt,210000.00,4,2,1102,190.56,ShortSale,209998.56
151772,SantaMaria-Orcutt,199900.00,3,2,1215,164.53,ShortSale,199901.975
151805,SantaMaria-Orcutt,225000.00,3,2,1600,140.63,ShortSale,225004.0
151816,PasoRobles,369900.00,4,2,2161,171.17,Foreclosure,369899.185
151824,SantaMaria-Orcutt,120000.00,3,2,1686,71.17,ShortSale,119996.31
151826,PasoRobles,199000.00,2,1,1000,199.00,ShortSale,199000.0
151832,ArroyoGrande,520000.00,3,3,2600,200.00,ShortSale,520000.0
151837,PasoRobles,579000.00,5,3,3150,183.81,Foreclosure,579000.75
151854,SantaMaria-Orcutt,300000.00,4,2,1257,238.66,ShortSale,299997.81
151857,ArroyoGrande,325000.00,3,2,1171,277.54,ShortSale,324999.67000000004
151864,SantaMaria-Orcutt,225000.00,3,2,1144,196.68,ShortSale,225000.96000000002
151870,Atascadero,395000.00,2,1,1160,340.52,ShortSale,395001.6
151871,SantaMaria-Orcutt,399000.00,4,3,2300,173.48,ShortSale,399002.0
151876,Lompoc,165000.00,3,2,1144,144.23,ShortSale,164999.56
151882,ArroyoGrande,374900.00,3,2,1368,274.05,ShortSale,374900.2
151903,SantaMaria-Orcutt,199900.00,3,2,1238,161.47,ShortSale,199899.93
151913,ArroyoGrande,365000.00,3,1,1056,345.64,ShortSale,364997.92
151925,SantaMaria-Orcutt,222900.00,2,2,1086,205.25,ShortSale,222900.75
151932,LosOsos,249900.00,2,1,720,347.08,Foreclosure,249898.8
151934,PasoRobles,290000.00,3,2,1426,203.37,ShortSale,290002.81
151940,SantaMaria-Orcutt,170500.00,4,2,1361,125.28,ShortSale,170503.03999999998
151942,Atascadero,560000.00,3,3,2344,238.91,ShortSale,560002.52
151952,Nipomo,339900.00,4,2,1925,176.57,ShortSale,339898.625
151967,Nipomo,550000.00,4,3,2600,211.54,ShortSale,550002.0
151991,SanMiguel,269900.00,4,2,1601,168.58,ShortSale,269898.29000000004
151994,PasoRobles,350000.00,3,2,1395,250.90,ShortSale,350002.75
151996,LosOsos,214000.00,2,2,1042,205.37,Foreclosure,213997.77000000002
152002,SantaMaria-Orcutt,299900.00,3,2,1200,249.92,ShortSale,299902.0
152003,Nipomo,139500.00,2,2,1248,111.78,Foreclosure,139500.72
152006,Lompoc,360000.00,4,3,3000,120.00,ShortSale,360000.0
152014,PasoRobles,315000.00,3,2,1300,242.31,ShortSale,315001.5
152019,PasoRobles,279900.00,3,2,1244,225.00,Foreclosure,279900.0
152024,PasoRobles,399000.00,4,2,2139,186.54,ShortSale,399004.53
152036,Atascadero,475000.00,4,3,2450,193.88,ShortSale,475003.0
152037,SantaMaria-Orcutt,65900.00,2,2,840,78.45,Foreclosure,65899.0
152048,Coalinga,212000.00,4,3,1878,112.89,ShortSale,212003.71000000002
152068,SanMiguel,180000.00,3,2,1350,133.33,ShortSale,179997.75
152075,SantaMaria-Orcutt,210000.00,4,2,1377,152.51,ShortSale,210003.135
152078,Buellton,375000.00,3,3,1475,254.24,ShortSale,375002.0
152109,Atascadero,106900.00,2,2,894,119.57,Foreclosure,106897.79
152116,PasoRobles,221830.00,3,2,1550,143.12,ShortSale,221833.0
152122,Nipomo,239000.00,3,2,1106,216.09,ShortSale,238997.77000000002
152131,Atascadero,187500.00,1,1,594,315.66,ShortSale,187501.02000000002
152137,LosAlamos,445000.00,5,3,3200,139.06,ShortSale,444996.0
152139,SantaMaria-Orcutt,309000.00,3,2,1906,162.12,ShortSale,309000.36
152152,SantaMaria-Orcutt,315000.00,3,2,2004,157.19,ShortSale,315004.38
152154,SantaMaria-Orcutt,191100.00,3,1,1200,159.25,Foreclosure,191100.0
152163,Cambria,699900.00,5,3,1818,384.98,Foreclosure,699896.8200000001
152190,Nipomo,189500.00,2,2,1040,182.21,ShortSale,189499.2
152191,SantaMaria-Orcutt,199000.00,4,2,1400,142.14,ShortSale,198998.0
152196,SantaMaria-Orcutt,359000.00,4,3,2209,162.52,ShortSale,359003.34
152203,Atascadero,264450.00,3,1,1030,256.75,ShortSale,264451.25
152213,Templeton,459000.00,3,2,1999,229.61,ShortSale,458995.195
152227,SantaMaria-Orcutt,150000.00,3,2,1316,113.98,ShortSale,149998.84
152228,PismoBeach,875000.00,3,3,2200,397.73,ShortSale,875003.0
152233,PismoBeach,599000.00,2,2,1200,499.17,ShortSale,599002.0
152263,Atascadero,250000.00,3,3,1261,198.26,ShortSale,250002.93
152265,Lompoc,165000.00,3,2,1120,147.32,ShortSale,164999.2
152272,SantaMaria-Orcutt,229900.00,4,3,1857,123.80,ShortSale,229898.3
152277,SantaMaria-Orcutt,229900.00,3,2,1400,164.21,ShortSale,229897.0
152291,PasoRobles,269900.00,3,2,1139,236.96,ShortSale,269898.72
152298,SantaMaria-Orcutt,245000.00,5,3,6098,40.18,ShortSale,245008.82
152320,SantaMaria-Orcutt,165000.00,3,2,1300,126.92,ShortSale,164998.0
152326,Lompoc,429000.00,3,3,2041,210.19,ShortSale,428998.895
152340,SantaMaria-Orcutt,309900.00,4,3,2248,137.86,ShortSale,309904.64
152351,ArroyoGrande,265000.00,2,1,972,272.63,Foreclosure,264998.18
152359,SantaMaria-Orcutt,169900.00,4,2,1500,113.27,ShortSale,169902.5
152360,SantaMaria-Orcutt,380900.00,3,2,2000,190.45,ShortSale,380900.0
152384,SantaMaria-Orcutt,315000.00,4,3,1939,162.45,ShortSale,314995.275
152393,Lompoc,260000.00,3,2,1413,184.01,ShortSale,260003.065
152395,SantaMaria-Orcutt,119900.00,3,2,1312,91.39,ShortSale,119901.84
152396,SantaMaria-Orcutt,211500.00,3,2,1275,165.88,Foreclosure,211498.5
152401,SantaMaria-Orcutt,149000.00,2,1,854,174.47,ShortSale,148998.69
152405,SanLuisObispo,890000.00,3,3,3474,256.19,ShortSale,890002.03
152410,Cambria,289900.00,3,2,1380,210.07,Foreclosure,289898.3
152459,SantaMaria-Orcutt,289000.00,4,3,2100,137.62,ShortSale,289001.0
152487,Oceano,399900.00,3,2,1487,268.93,ShortSale,399899.455
152491,SantaMaria-Orcutt,125000.00,3,2,900,138.89,ShortSale,125000.5
152496,Nipomo,359900.00,5,3,3036,118.54,ShortSale,359893.72
152515,SantaMaria-Orcutt,239000.00,3,3,1800,132.78,ShortSale,239002.0
152525,SantaMaria-Orcutt,199900.00,3,3,1600,124.94,ShortSale,199902.0
152533,SantaMaria-Orcutt,179900.00,4,3,2150,83.67,ShortSale,179895.25
